0.01
0.02
0.03
0.04
0.05
0.06
0.07
0.08
0.085
0.09
0.095
0.1
0.105
0.11
0.115
0.12
0.125
0.13
0.135
0.14
0.145
0.15
0.155
0.16
0.165
0.17
0.175
0.18
0.185
0.19
0.195
0.2
0.205
0.21
0.215
0.22
0.225
0.23
0.235
0.24
0.245
0.25
0.255
0.26
0.265
0.27
0.275
0.28
0.285
0.29
0.295
0.3
0.305
0.31
0.315
0.32
0.325
0.33
0.335
0.34
0.345
0.35
0.353333333333
0.356666666667
0.36
0.36375
0.3675
0.37125
0.375
0.37875
0.3825
0.38625
0.39
0.39375
0.3975
0.40125
0.405
0.40875
0.4125
0.41625
0.42
0.42375
0.4275
0.43125
0.435
0.43875
0.4425
0.44625
0.45
0.45375
0.4575
0.46125
0.465
0.46875
0.4725
0.47625
0.48
0.48375
0.4875
0.49125
0.495
0.49875
0.5025
0.50625
0.51
0.51375
0.5175
0.52125
0.525
0.52875
0.5325
0.53625
0.54
0.54375
0.5475
0.55125
0.555
0.55875
0.5625
0.56625
0.57
0.57375
0.5775
0.58125
0.585
0.58875
0.5925
0.59625
0.6
0.60375
0.6075
0.61125
0.615
0.61875
0.6225
0.62625
0.63
0.63375
0.6375
0.64125
0.645
0.64875
0.6525
0.65625
0.66
0.66375
0.6675
0.67125
0.675
0.67875
0.6825
0.68625
0.69
0.69375
0.6975
0.70125
0.705
0.70875
0.7125
0.71625
0.72
0.72375
0.7275
0.73125
0.735
0.73875
0.7425
0.74625
0.75
0.75375
0.7575
0.76125
0.765
0.76875
0.7725
0.77625
0.78
0.78375
0.7875
0.79125
0.795
0.79875
0.8025
0.80625
0.81
0.81375
0.8175
0.82125
0.825
0.82875
0.8325
0.83625
0.84
0.84375
0.8475
0.85125
0.855
0.85875
0.8625
0.86625
0.87
0.87375
0.8775
0.88125
0.885
0.88875
0.8925
0.89625
0.9
0.90375
0.9075
0.91125
0.915
0.91875
0.9225
0.92625
0.93
0.93375
0.9375
0.94125
0.945
0.94875
0.9525
0.95625
0.96
0.96375
0.9675
0.97125
0.975
0.97875
0.9825
0.98625
0.99
0.99375
0.9975
1.00125
1.005
1.00875
1.0125
1.01625
1.02
1.02375
1.0275
1.03125
1.035
1.03875
1.0425
1.04625
1.05
1.05375
1.0575
1.06125
1.065
1.06875
1.0725
1.07625
1.08
1.08375
1.0875
1.09125
1.095
1.09875
1.1025
1.10625
1.11
1.11375
1.1175
1.12125
1.125
1.12875
1.1325
1.13625
1.14
1.14375
1.1475
1.15125
1.155
1.15875
1.1625
1.16625
1.17
1.17375
1.1775
1.18125
1.185
1.18875
1.1925
1.19625
1.2
1.20375
1.2075
1.21125
1.215
1.21875
1.2225
1.22625
1.23
1.23375
1.2375
1.24125
1.245
1.24875
1.2525
1.25625
1.26
1.26375
1.2675
1.27125
1.275
1.27875
1.2825
1.28625
1.29
1.29375
1.2975
1.30125
1.305
1.30875
1.3125
1.31625
1.32
1.32375
1.3275
1.33125
1.335
1.33875
1.3425
1.34625
1.35
1.35375
1.3575
1.36125
1.365
1.36875
1.3725
1.37625
1.38
1.38375
1.3875
1.39125
1.395
1.39875
1.4025
1.40625
1.41
1.41375
1.4175
1.42125
1.425
1.42875
1.4325
1.43625
1.44
1.44375
1.4475
1.45125
1.455
1.45875
1.4625
1.46625
1.47
1.47375
1.4775
1.48125
1.485
1.48875
1.4915625
1.494375
1.4971875
1.5
1.5025
1.505
1.5075
1.51
1.5125
1.5146875
1.516875
1.5190625
1.52125
1.5234375
1.525625
1.5278125
1.53
1.53230769231
1.53482517483
1.53734265734
1.53986013986
1.54237762238
1.5448951049
1.54741258741
1.54993006993
1.55244755245
1.55496503497
1.55748251748
1.56
1.56272727273
1.56575757576
1.56878787879
1.57181818182
1.57484848485
1.57787878788
1.58090909091
1.58393939394
1.58696969697
1.59
1.59333333333
1.59666666667
1.6
1.60333333333
1.60666666667
1.61
1.61333333333
1.61666666667
1.62
1.62375
1.6275
1.63125
1.635
1.63875
1.6425
1.64625
1.65
1.65375
1.6575
1.66125
1.665
1.66875
1.6725
1.67625
1.68
1.68375
1.6875
1.69125
1.695
1.69875
1.7025
1.70625
1.71
1.71375
1.7175
1.72125
1.725
1.72875
1.7325
1.73625
1.74
1.74375
1.7475
1.75125
1.755
1.75875
1.7625
1.76625
1.77
1.77428571429
1.77857142857
1.78285714286
1.78714285714
1.79142857143
1.79571428571
1.8
1.80428571429
1.80857142857
1.81285714286
1.81714285714
1.82142857143
1.82571428571
1.83
1.83428571429
1.83857142857
1.84285714286
1.84714285714
1.85142857143
1.85571428571
1.86
1.86428571429
1.86857142857
1.87285714286
1.87714285714
1.88142857143
1.88571428571
1.89
1.89428571429
1.89857142857
1.90285714286
1.90714285714
1.91142857143
1.91571428571
1.92
1.92428571429
1.92857142857
1.93285714286
1.93714285714
1.94142857143
1.94571428571
1.95
1.95428571429
1.95857142857
1.96285714286
1.96714285714
1.97142857143
1.97571428571
1.98
1.98428571429
1.98857142857
1.99285714286
1.99714285714
2.00142857143
2.00571428571
2.01
2.01428571429
2.01857142857
2.02285714286
2.02714285714
2.03142857143
2.03571428571
2.04
2.04428571429
2.04857142857
2.05285714286
2.05714285714
2.06142857143
2.06571428571
2.07
2.07428571429
2.07857142857
2.08285714286
2.08714285714
2.09142857143
2.09571428571
2.1
2.10428571429
2.10857142857
2.11285714286
2.11714285714
2.12142857143
2.12571428571
2.13
2.13428571429
2.13857142857
2.14285714286
2.14714285714
2.15142857143
2.15571428571
2.16
2.16428571429
2.16857142857
2.17285714286
2.17714285714
2.18142857143
2.18571428571
2.19
2.19428571429
2.19857142857
2.20285714286
2.20714285714
2.21142857143
2.21428571429
2.21714285714
2.22
2.223
2.226375
2.22975
2.233125
2.2365
2.239875
2.24325
2.246625
2.25
2.25375
2.2575
2.26125
2.265
2.26875
2.2725
2.27625
2.28
2.28375
2.28703125
2.2903125
2.29359375
2.296875
2.30015625
2.3034375
2.30671875
2.31
2.31333333333
2.31666666667
2.32
2.32333333333
2.32666666667
2.33
2.33333333333
2.33666666667
2.34
2.34333333333
2.34666666667
2.35
2.35333333333
2.35611111111
2.35888888889
2.36166666667
2.36444444444
2.36722222222
2.37
2.373
2.376
2.379
2.382
2.385
2.388
2.391
2.394
2.397
2.4
2.403
2.406
2.409
2.412
2.415
2.418
2.421
2.424
2.427
2.43
2.433
2.4357
2.4384
2.4411
2.4438
2.4465
2.4492
2.4519
2.4546
2.4573
2.46
2.46272727273
2.46545454545
2.46790909091
2.47036363636
2.47281818182
2.47527272727
2.47772727273
2.48018181818
2.48263636364
2.48509090909
2.48754545455
2.49
2.49230769231
2.49461538462
2.49692307692
2.49923076923
2.50153846154
2.50384615385
2.50615384615
2.50813186813
2.51010989011
2.51208791209
2.51406593407
2.51604395604
2.51802197802
2.52
2.52214285714
2.52413265306
2.52612244898
2.5281122449
2.53010204082
2.53209183673
2.53408163265
2.53607142857
2.53806122449
2.54005102041
2.54204081633
2.54403061224
2.54602040816
2.54801020408
2.55
2.55214285714
2.55428571429
2.55662337662
2.55896103896
2.5612987013
2.56363636364
2.56597402597
2.56831168831
2.57064935065
2.57298701299
2.57532467532
2.57766233766
2.58
2.5825
2.585
2.5875
2.59
2.5925
2.595
2.5975
2.6
2.6025
2.605
2.6075
2.61
2.61272727273
2.61545454545
2.61818181818
2.62090909091
2.62363636364
2.62636363636
2.62909090909
2.63181818182
2.63454545455
2.63727272727
2.64
2.643
2.646375
2.64975
2.653125
2.6565
2.659875
2.66325
2.666625
2.67
2.67375
2.6775
2.68125
2.685
2.68875
2.6925
2.69625
2.7
2.70375
2.7075
2.71125
2.715
2.71875
2.7225
2.72625
2.73
2.73375
2.7375
2.74125
2.745
2.74875
2.7525
2.75625
2.76
2.76375
2.7675
2.77125
2.775
2.77875
2.7825
2.78625
2.79
2.79375
2.7975
2.80125
2.805
2.80875
2.8125
2.81625
2.82
2.82375
2.8275
2.83125
2.835
2.83875
2.8425
2.84625
2.85
2.85375
2.8575
2.86125
2.865
2.86875
2.8725
2.87625
2.88
2.88375
2.8875
2.89125
2.895
2.89875
2.9025
2.90625
2.91
2.91375
2.9175
2.92125
2.925
2.92875
2.9325
2.93625
2.94
2.94375
2.9475
2.95125
2.955
2.95875
2.9625
2.96625
2.97
2.97375
2.9775
2.98125
2.985
2.98875
2.9925
2.99625
3.0
3.00375
3.0075
3.01125
3.015
3.01875
3.0225
3.02625
3.03
3.03375
3.0375
3.04125
3.045
3.04875
3.0525
3.05625
3.06
3.06375
3.0675
3.07125
3.075
3.07875
3.0825
3.08625
3.09
3.09375
3.0975
3.10125
3.105
3.10875
3.1125
3.11625
3.12
3.12375
3.1275
3.13125
3.135
3.13875
3.1425
3.14625
3.15
3.15375
3.1575
3.16125
3.165
3.16875
3.1725
3.17625
3.18
3.18375
3.1875
3.19125
3.195
3.19875
3.2025
3.20625
3.21
3.21375
3.2175
3.22125
3.225
3.22875
3.2325
3.23625
3.24
3.24375
3.2475
3.25125
3.255
3.25875
3.2625
3.26625
3.27
3.27375
3.2775
3.28125
3.285
3.28875
3.2925
3.29625
3.3
3.30375
3.3075
3.31125
3.315
3.31875
3.3225
3.325
3.3275
3.33
3.33272727273
3.33575757576
3.33878787879
3.34181818182
3.34484848485
3.34787878788
3.35090909091
3.35393939394
3.35696969697
3.36
3.363
3.366
3.369
3.372
3.375
3.378
3.381
3.384
3.387
3.39
3.393
3.396
3.399
3.402
3.405
3.408
3.411
3.414
3.417
3.42
3.42333333333
3.42666666667
3.43
3.43333333333
3.43666666667
3.44
3.44333333333
3.44666666667
3.45
3.45375
3.4575
3.46125
3.465
3.46875
3.4725
3.47625
3.48
3.48428571429
3.48857142857
3.49285714286
3.49714285714
3.50142857143
3.50571428571
3.51
3.51428571429
3.51857142857
3.52285714286
3.52714285714
3.53142857143
3.53571428571
3.54
3.54428571429
3.54857142857
3.55285714286
3.55714285714
3.56142857143
3.56571428571
3.57
3.57428571429
3.57857142857
3.58285714286
3.58714285714
3.59142857143
3.59571428571
3.6
3.60428571429
3.60857142857
3.61285714286
3.61714285714
3.62142857143
3.62571428571
3.63
3.63428571429
3.63857142857
3.64285714286
3.64714285714
3.65142857143
3.65571428571
3.66
3.66428571429
3.66857142857
3.67285714286
3.67714285714
3.68142857143
3.68571428571
3.69
3.69428571429
3.69857142857
3.70285714286
3.70714285714
3.71142857143
3.71571428571
3.72
3.72428571429
3.72857142857
3.73285714286
3.73714285714
3.74142857143
3.74571428571
3.75
3.75428571429
3.75857142857
3.76285714286
3.76714285714
3.77142857143
3.77571428571
3.78
3.78428571429
3.78857142857
3.79285714286
3.79714285714
3.80142857143
3.80571428571
3.81
3.81428571429
3.81857142857
3.82285714286
3.82714285714
3.83142857143
3.83571428571
3.84
3.84428571429
3.84857142857
3.85285714286
3.85714285714
3.86142857143
3.86571428571
3.87
3.87428571429
3.87857142857
3.88285714286
3.88714285714
3.89142857143
3.89571428571
3.9
3.90428571429
3.90857142857
3.91285714286
3.91714285714
3.92142857143
3.92571428571
3.93
3.93428571429
3.93857142857
3.94285714286
3.94714285714
3.95142857143
3.95571428571
3.96
3.96428571429
3.96857142857
3.97285714286
3.97714285714
3.98142857143
3.98571428571
3.99
3.99428571429
3.99857142857
4.00285714286
4.00714285714
4.01142857143
4.01571428571
4.02
4.02428571429
4.02857142857
4.03285714286
4.03714285714
4.04142857143
4.04571428571
4.05
4.05428571429
4.05857142857
4.06285714286
4.06714285714
4.07142857143
4.07571428571
4.08
4.08428571429
4.08857142857
4.09285714286
4.09714285714
4.10142857143
4.10571428571
4.11
4.11428571429
4.11857142857
4.12285714286
4.12714285714
4.13142857143
4.13571428571
4.14
4.14428571429
4.14857142857
4.15285714286
4.15714285714
4.16142857143
4.16571428571
4.17
4.17428571429
4.17857142857
4.18285714286
4.18714285714
4.19142857143
4.19571428571
4.2
4.20428571429
4.20857142857
4.21285714286
4.21714285714
4.22142857143
4.22571428571
4.23
4.23428571429
4.23857142857
4.24285714286
4.24714285714
4.25142857143
4.25571428571
4.26
4.26428571429
4.26857142857
4.27285714286
4.27714285714
4.28142857143
4.28571428571
4.29
4.29428571429
4.29857142857
4.30285714286
4.30714285714
4.31142857143
4.31571428571
4.32
4.32428571429
4.32857142857
4.33285714286
4.33714285714
4.34142857143
4.34571428571
4.35
4.35428571429
4.35857142857
4.36285714286
4.36714285714
4.37142857143
4.37571428571
4.38
4.38428571429
4.38857142857
4.39285714286
4.39714285714
4.40142857143
4.40571428571
4.41
4.41428571429
4.41857142857
4.42285714286
4.42714285714
4.43142857143
4.43571428571
4.44
4.44428571429
4.44857142857
4.45285714286
4.45714285714
4.46142857143
4.46571428571
4.47
4.475
4.48
4.485
4.49
4.495
4.5
4.505
4.51
4.515
4.52
4.525
4.53
4.535
4.54
4.545
4.55
4.555
4.56
4.565
4.57
4.575
4.58
4.585
4.59
4.595
4.6
4.605
4.61
4.615
4.62
4.625
4.63
4.635
4.64
4.645
4.65
4.655
4.66
4.665
4.67
4.675
4.68
4.685
4.69
4.695
4.7
4.705
4.71
4.715
4.72
4.725
4.73
4.735
4.74
4.745
4.75
4.755
4.76
4.765
4.77
4.775
4.78
4.785
4.79
4.795
4.8
4.805
4.81
4.815
4.82
4.825
4.83
4.835
4.84
4.845
4.85
4.855
4.86
4.865
4.87
4.875
4.88
4.885
4.89
4.895
4.9
4.905
4.91
4.915
4.92
4.925
4.93
4.935
4.94
4.945
4.95
4.955
4.96
4.965
4.97
4.975
4.98
4.985
4.99
4.995
5.0
5.005
5.01
5.015
5.02
5.025
5.03
5.035
5.04
5.045
5.05
5.055
5.06
5.065
5.07
5.075
5.08
5.085
5.09
5.095
5.1
5.105
5.11
5.115
5.12
5.125
5.13
5.135
5.14
5.145
5.15
5.155
5.16
5.165
5.17
5.175
5.18
5.185
5.19
5.195
5.2
5.205
5.21
5.215
5.22
5.225
5.23
5.235
5.24
5.245
5.25
5.255
5.26
5.265
5.27
5.275
5.28
5.285
5.29
5.295
5.3
5.305
5.31
5.315
5.32
5.325
5.33
5.335
5.34
5.345
5.35
5.355
5.36
5.365
5.37
5.375
5.38
5.385
5.39
5.395
5.4
5.405
5.41
5.415
5.42
5.425
5.43
5.435
5.44
5.445
5.45
5.455
5.46
5.465
5.47
5.475
5.48
5.485
5.49
5.495
5.5
5.505
5.51
5.515
5.52
5.525
5.53
5.535
5.54
5.545
5.55
5.555
5.56
5.565
5.57
5.575
5.58
5.585
5.59
5.595
5.6
5.605
5.61
5.615
5.62
5.625
5.63
5.635
5.64
5.645
5.65
5.655
5.66
5.665
5.67
5.675
5.68
5.685
5.69
5.695
5.7
5.705
5.71
5.715
5.72
5.725
5.73
5.735
5.74
5.745
5.75
5.755
5.76
5.765
5.77
5.775
5.78
5.785
5.79
5.795
5.8
5.805
5.81
5.815
5.82
5.825
5.83
5.835
5.84
5.845
5.85
5.855
5.86
5.865
5.87
5.875
5.88
5.885
5.89
5.895
5.9
5.905
5.91
5.915
5.92
5.925
5.93
5.935
5.94
5.945
5.95
5.955
5.96
5.965
5.97
5.975
5.98
5.985
5.99
5.995
6.0
6.005
6.01
6.015
6.02
6.025
6.03
6.035
6.04
6.045
6.05
6.055
6.06
6.065
6.07
6.075
6.08
6.085
6.09
6.095
6.1
6.105
6.11
6.115
6.12
6.125
6.13
6.135
6.14
6.145
6.15
6.155
6.16
6.165
6.17
6.175
6.18
6.185
6.19
6.195
6.2
6.205
6.21
6.215
6.22
6.225
6.23
6.235
6.24
6.245
6.25
6.255
6.26
6.265
6.27
6.275
6.28
6.285
6.29
6.295
6.3
6.305
6.31
6.315
6.32
6.325
6.33
6.335
6.34
6.345
6.35
6.355
6.36
6.365
6.37
6.375
6.38
6.385
6.39
6.395
6.4
6.405
6.41
6.415
6.42
6.425
6.43
6.435
6.44
6.445
6.45
6.455
6.46
6.465
6.47
6.475
6.48
6.485
6.49
6.495
6.5
6.505
6.51
6.515
6.52
6.525
6.53
6.535
6.54
6.545
6.55
6.555
6.56
6.565
6.57
6.575
6.58
6.585
6.59
6.595
6.6
6.605
6.61
6.615
6.62
6.625
6.63
6.635
6.64
6.645
6.65
6.655
6.66
6.665
6.67
6.675
6.68
6.685
6.69
6.695
6.7
6.705
6.71
6.715
6.72
6.725
6.73
6.735
6.74
6.745
6.75
6.755
6.76
6.765
6.77
6.775
6.78
6.785
6.79
6.795
6.8
6.805
6.81
6.815
6.82
6.825
6.83
6.835
6.84
6.845
6.85
6.855
6.86
6.865
6.87
6.875
6.88
6.885
6.89
6.895
6.9
6.905
6.91
6.915
6.92
6.925
6.93
6.935
6.94
6.945
6.95
6.955
6.96
6.965
6.97
6.975
6.98
6.985
6.99
6.995
7.0
7.005
7.01
7.015
7.02
7.025
7.03
7.035
7.04
7.045
7.05
7.055
7.06
7.065
7.07
7.075
7.08
7.085
7.09
7.095
7.1
7.105
7.11
7.115
7.12
7.125
7.13
7.135
7.14
7.145
7.15
7.155
7.16
7.165
7.17
7.175
7.18
7.185
7.19
7.195
7.2
7.205
7.21
7.215
7.22
7.225
7.23
7.235
7.24
7.245
7.25
7.255
7.26
7.265
7.27
7.275
7.28
7.285
7.29
7.295
7.3
7.305
7.31
7.315
7.32
7.325
7.33
7.335
7.34
7.345
7.35
7.355
7.36
7.365
7.37
7.375
7.38
7.385
7.39
7.395
7.4
7.405
7.41
7.415
7.42
7.425
7.43
7.435
7.44
7.445
7.45
7.455
7.46
7.465
7.47
7.475
7.48
7.485
7.49
7.495
7.5
7.505
7.51
7.514
7.518
7.522
7.526
7.528
7.53
7.53230769231
7.53482517483
7.53762237762
7.54041958042
7.54321678322
7.54561438561
7.54801198801
7.55040959041
7.55280719281
7.5552047952
7.5576023976
7.56
7.5625
7.565
7.5675
7.57
7.5725
7.575
7.5775
7.58
7.5825
7.585
7.5875
7.59
7.59272727273
7.59575757576
7.59878787879
7.60181818182
7.60484848485
7.60787878788
7.61090909091
7.61393939394
7.61696969697
7.62
7.62333333333
7.62666666667
7.63
7.63333333333
7.63666666667
7.64
7.64333333333
7.64666666667
7.65
7.65333333333
7.65666666667
7.66
7.66333333333
7.66666666667
7.67
7.67333333333
7.67666666667
7.68
7.68333333333
7.68666666667
7.69
7.69333333333
7.69666666667
7.7
7.70333333333
7.70666666667
7.71
7.71375
7.7175
7.72125
7.725
7.72875
7.7325
7.73625
7.74
7.74375
7.7475
7.75125
7.755
7.75875
7.7625
7.76625
7.77
7.77375
7.7775
7.78125
7.785
7.78875
7.7925
7.79625
7.8
7.80375
7.8075
7.81125
7.815
7.81875
7.8225
7.82625
7.83
7.83428571429
7.83857142857
7.84285714286
7.84714285714
7.85142857143
7.85571428571
7.86
7.86428571429
7.86857142857
7.87285714286
7.87714285714
7.88142857143
7.88571428571
7.89
7.89428571429
7.89857142857
7.90285714286
7.90714285714
7.91142857143
7.91571428571
7.92
7.92428571429
7.92857142857
7.93285714286
7.93714285714
7.94142857143
7.94571428571
7.95
7.95428571429
7.95857142857
7.96285714286
7.96714285714
7.97142857143
7.97571428571
7.98
7.98428571429
7.98857142857
7.99285714286
7.99714285714
8.00142857143
8.00571428571
8.01
8.01428571429
8.01857142857
8.02285714286
8.02714285714
8.03142857143
8.03571428571
8.04
8.045
8.05
8.055
8.06
8.065
8.07
8.075
8.08
8.085
8.09
8.095
8.1
8.105
8.11
8.115
8.12
8.125
8.13
8.135
8.14
8.145
8.15
8.155
8.16
8.165
8.17
8.175
8.18
8.185
8.19
8.195
8.2
8.205
8.21
8.215
8.22
8.225
8.23
8.235
8.24
8.245
8.25
8.255
8.26
8.265
8.27
8.275
8.28
8.285
8.29
8.295
8.3
8.305
8.31
8.315
8.32
8.325
8.33
8.335
8.34
8.345
8.35
8.355
8.36
8.365
8.37
8.375
8.38
8.385
8.39
8.395
8.4
8.405
8.41
8.415
8.42
8.425
8.43
8.435
8.44
8.445
8.45
8.455
8.46
8.465
8.47
8.475
8.48
8.485
8.49
8.495
8.5
8.505
8.51
8.515
8.52
8.525
8.53
8.535
8.54
8.545
8.55
8.555
8.56
8.565
8.57
8.575
8.58
8.585
8.59
8.595
8.6
8.605
8.61
8.615
8.62
8.625
8.63
8.635
8.64
8.645
8.65
8.655
8.66
8.665
8.67
8.675
8.68
8.685
8.69
8.695
8.7
8.705
8.71
8.715
8.72
8.725
8.73
8.735
8.74
8.745
8.75
8.755
8.76
8.765
8.77
8.775
8.78
8.785
8.79
8.795
8.8
8.805
8.81
8.815
8.82
8.825
8.83
8.835
8.84
8.845
8.85
8.855
8.86
8.865
8.87
8.875
8.88
8.885
8.89
8.895
8.9
8.905
8.91
8.915
8.92
8.925
8.93
8.935
8.94
8.945
8.95
8.955
8.96
8.965
8.97
8.975
8.98
8.985
8.99
8.995
9.0
9.005
9.01
9.015
9.02
9.025
9.03
9.036
9.042
9.048
9.054
9.06
9.066
9.072
9.078
9.084
9.09
9.096
9.102
9.108
9.114
9.12
9.126
9.132
9.138
9.144
9.15
9.156
9.162
9.168
9.174
9.18
9.186
9.192
9.198
9.204
9.21
9.216
9.222
9.228
9.234
9.24
9.246
9.252
9.258
9.264
9.27
9.276
9.282
9.288
9.294
9.3
9.306
9.312
9.318
9.324
9.33
9.336
9.342
9.348
9.354
9.36
9.366
9.372
9.378
9.384
9.39
9.396
9.402
9.408
9.414
9.42
9.426
9.432
9.438
9.444
9.45
9.456
9.462
9.468
9.474
9.48
9.486
9.492
9.498
9.504
9.51
9.516
9.522
9.528
9.534
9.54
9.546
9.552
9.558
9.564
9.57
9.576
9.582
9.588
9.594
9.6
9.606
9.612
9.618
9.624
9.63
9.636
9.642
9.648
9.654
9.66
9.666
9.672
9.678
9.684
9.69
9.696
9.702
9.708
9.714
9.72
9.726
9.732
9.738
9.744
9.75
9.756
9.762
9.768
9.774
9.78
9.786
9.792
9.798
9.804
9.81
9.816
9.822
9.828
9.834
9.84
9.846
9.852
9.858
9.864
9.87
9.876
9.882
9.888
9.894
9.9
9.906
9.912
9.918
9.924
9.93
9.936
9.942
9.948
9.954
9.96
9.966
9.972
9.978
9.984
9.99
9.996
10.002