0.0292466745202
0.0258770973761
0.0269412789346
0.0277052536519
0.0277100934669
0.0278081785919
0.0277395568057
0.0276943261277
0.0269215678862
0.027809330945
0.0281181552669
0.0268286674436
0.0289221097827
0.0266651854308
0.0282763782859
0.0271517582012
0.027032602046
0.027294275951
0.025963298197
0.0267012108785
0.025354786178
0.0253718040722
0.0247308478789
0.0240033470038
0.0239835121793
0.0229014655616
0.0228851225787
0.0220630689269
0.0215219463617
0.0211431237395
0.0205124892205
0.0201704176447
0.0195340640314
0.0193023595104
0.0186780835579
0.0183395665899
0.0181046010571
0.0176263900887
0.0176657889566
0.0172929689414
0.017189648025
0.0172135562603
0.0169649045688
0.0171456378904
0.0170878120727
0.0170331028832
0.0171989751328
0.0170358244784
0.0172855329566
0.0174039644083
0.0175040535082
0.0179126103931
0.0179037724992
0.0184758924391
0.018671906021
0.0189542987128
0.0195037512388
0.0196820248797
0.0203546013395
0.0205064231043
0.021207194346
0.0215516623622
0.0220831132988
0.0221684136738
0.0227316924079
0.0231366714922
0.0236407761301
0.0233819660763
0.0247840270469
0.02413898111
0.0251255279176
0.0251195410522
0.0261221844404
0.0254787596155
0.0270344042524
0.0264318217357
0.0274062389515
0.0272801366427
0.028413418459
0.0276833986513
0.0292892045439
0.0285847974702
0.0296441424192
0.0294728144164
0.030494490969
0.0299784569346
0.0314965699395
0.0304339062998
0.0322059105455
0.0315420456978
0.0325855513361
0.0323177896002
0.0336133677031
0.032636650542
0.0345230715691
0.0335134576083
0.0351386444753
0.0344039032646
0.0356659600145
0.0353030899308
0.0366863730683
0.0357082102138
0.0377308554489
0.0366062478709
0.038218632284
0.0375862040425
0.0388801549552
0.0384423784835
0.0399231397533
0.0389304941311
0.0410989973673
0.0396786180001
0.0417299459139
0.0409301905015
0.0423247935714
0.0418495026219
0.0433965285142
0.0423215946073
0.0446949457662
0.043019542995
0.0455118738346
0.0444367410417
0.0459527769793
0.0457125858648
0.0471641170708
0.0459152514968
0.0486476440396
0.0467900276505
0.049503150964
0.0481758311451
0.0498766392178
0.0495597511404
0.0509764798921
0.0501086998245
0.0525848343329
0.0508391112836
0.0537544231839
0.0520394480039
0.054108062619
0.0536935486824
0.0552795318422
0.0545705385592
0.0568983096822
0.0550138619344
0.0583233169234
0.0564039760561
0.0592562141917
0.0578753220109
0.0599251520967
0.0592745584448
0.0611772659142
0.0601806579706
0.062955009851
0.0611575556215
0.0644911393577
0.0622574286629
0.0653731879398
0.0641867123936
0.0663862489213
0.0656365814126
0.0678665386389
0.0662609336369
0.0700358672344
0.0675103081844
0.0715377086615
0.0692546810861
0.0716661984989
0.0715221944215
0.0733668171126
0.0724025744094
0.0755188912947
0.072953966707
0.077714793504
0.0745825797853
0.0787098025491
0.0770086964103
0.079414310725
0.0787531602903
0.0812338684457
0.0799112327872
0.0834694264504
0.0809946528552
0.0857300518936
0.0826172544678
0.0869383890319
0.0851523878398
0.0882793346601
0.0871569820309
0.0896829956928
0.0883480997683
0.0927044269301
0.0894499657127
0.095036694959
0.0914802981463
0.0960871840464
0.0945337426042
0.0974601177962
0.0967494977981
0.0997692681546
0.0969943659175
0.103234414886
0.0991358324708
0.104824348402
0.101974218027
0.105646091296
0.10536543344
0.108024534714
0.10668779016
0.111187657082
0.107123816489
0.114316587905
0.110009190087
0.116092360987
0.11294076756
0.117236324002
0.116350894345
0.119952014778
0.118091369009
0.123176744825
0.119268044832
0.126679400603
0.121380217587
0.128802527654
0.125679869736
0.129899140957
0.129289962711
0.132512319062
0.130817344845
0.137244077753
0.132132998719
0.140855186451
0.134888888396
0.141966832157
0.140313710921
0.144526597203
0.142987415939
0.148154244307
0.144169684232
0.152934836022
0.147315231308
0.155994996556
0.151079444138
0.156946792952
0.156243453682
0.160969775557
0.159021746883
0.165304528399
0.159769365506
0.17070517054
0.16318976169
0.173424025137
0.168619701914
0.174793637811
0.173946096281
0.178411632368
0.176421019299
0.185206542666
0.177848031457
0.190119977561
0.18138278377
0.191640835446
0.1892446403
0.195019822184
0.193445495166
0.200204223704
0.19460604239
0.208013121695
0.199075220308
0.211269097828
0.204789060223
0.212227859874
0.211785349015
0.218060934088
0.215140675241
0.225224644327
0.217016837243
0.232215416909
0.221945617669
0.235326975336
0.230333328663
0.238324546603
0.236380075052
0.243436316258
0.238590433242
0.253990094287
0.243370388483
0.259743119514
0.250257986138
0.260400827116
0.260286424938
0.267310300676
0.263983722473
0.276630849592
0.265828714891
0.285746339056
0.272224411419
0.289435578616
0.283830826878
0.293465019469
0.291029111408
0.300739928994
0.292473008401
0.313900337953
0.299394879679
0.320154620385
0.309559920447
0.321994052268
0.322394424716
0.326975285023
0.331525589639
0.335234973759
0.338520401896
0.343379104186
0.34588750935
0.347793462007
0.360171758265
0.358200227049
0.3661757498
0.370440116412
0.368264187027
0.3837151066
0.378878883712
0.388268365463
0.395103620256
0.392794829446
0.40663813194
0.403013961449
0.409002911052
0.422725259831
0.418883036963
0.43089285244
0.433491010251
0.433736073427
0.449224592651
0.444118433281
0.454314116446
0.465300725461
0.46281840545
0.476589538593
0.477742741732
0.478427440102
0.4979138385
0.492432482562
0.504656657359
0.514750737694
0.511890491016
0.529174688193
0.528441153284
0.531422430164
0.554971055189
0.54894736069
0.564033685186
0.576849022919
0.574441732333
0.597379013976
0.601629181982
0.606494334142
0.643954686436
0.644305170682
0.675219805922
0.730706595914
0.753810153476
0.833259885879
0.977296594177
1.13267659147
1.50090172608
2.3188131009
3.7109801301
6.59046308141
12.1785487285
21.3093184759
31.8367655223
43.2179232947
54.1475751727
62.4607505524
71.3129142038
72.9856770255
75.429792388
78.1720975134
80.6937595298
82.4049034674
84.2951543485
85.0699299713
84.6689132134
84.6055896058
85.7337015709
85.0469812157
83.8494579183
82.7076753377
81.904518937
81.42303083
81.2836257821
81.4851067588
81.9729907966
82.6589759181
81.9852553574
82.0881802238
85.1199509623
86.9739360038
88.8152465561
90.7240420848
92.8783094552
95.272354335
97.6389210086
99.5971731735
99.3350411795
102.355107056
104.124331685
105.837542603
107.238368882
108.38794751
109.559644833
110.618715628
111.406289109
109.547012494
111.570973989
112.130404889
111.888132106
111.794077593
111.64284849
111.534480615
111.869016681
112.960684053
114.253592504
115.480142488
117.372979435
119.460941554
121.979629178
125.645504593
129.91747139
134.685175296
139.222225614
143.707311393
147.719269703
150.899294879
151.651805272
150.261374846
146.342789676
141.047713015
135.489385385
130.619335961
126.217785509
122.040965579
119.022106292
117.079313949
116.128549975
115.756906775
116.19622505
117.498856413
119.684852891
122.862312156
127.182262834
132.653941298
138.617992412
141.873293977
151.282757862
157.509205051
161.147640677
162.543196162
161.79175
158.646444776
153.799346358
147.765607161
141.827722819
135.897831623
130.317386151
125.648679572
122.122013933
119.856847137
118.7099691
118.793544326
120.24433823
123.604840834
128.544791119
134.32844875
141.176541501
148.423973473
154.88560088
159.61286916
163.832539745
167.136177506
166.87553372
167.097796539
165.774279485
165.354343247
164.187667151
162.389061565
160.150401305
157.423934319
154.154132331
150.69514937
147.100088479
143.876367847
141.003980318
138.830538889
137.552522766
137.519798658
138.426982196
139.984682093
142.299570591
145.627615849
149.517718306
154.351170888
159.069747806
163.298210643
166.958566992
169.911139359
172.177341986
173.764140006
175.354984423
175.789881333
176.039722164
176.391697556
176.898727487
177.527784728
178.180228425
179.035468089
180.118097192
181.365082946
182.706736455
184.075281579
185.490092012
186.992679224
188.577426771
190.143163938
191.720146436
193.392893401
195.260432886
197.286166179
199.305986426
201.210980167
202.954245107
204.542216394
206.001793294
207.419846794
208.8467552
210.270186419
211.761003322
213.430444451
215.269123096
217.281137312
219.55694375
222.105716934
224.906406878
227.960132273
231.218534917
234.594251071
237.9878305
241.460836219
244.886445584
248.024218059
250.663565063
252.718079366
254.193427831
255.183127046
255.988490551
256.85327931
267.968312492
257.67241078
261.000792043
259.458091445
259.658283051
263.732339753
265.137247875
268.312342332
271.162593961
273.912098525
276.774888879
279.73666407
280.494043442
285.050131679
287.292833309
289.07087823
290.265642256
290.911457704
291.029771401
290.78557259
290.401851382
292.785230521
289.399266831
288.71562866
287.992499914
287.706137345
287.658746583
287.81881625
288.16503886
288.29787515
289.437189621
290.660278457
292.260657792
294.165318777
296.341405886
298.58628425
300.706334091
302.556288433
304.019224387
305.038158355
305.64495982
305.893648193
309.728931888
304.324632879
307.270417997
301.472720108
304.755105534
298.890459144
300.212023246
296.262313094
295.520526784
293.580455847
291.759799707
290.019436987
288.376157091
286.879089549
285.606731215
284.592724314
283.815207741
283.244294816
282.868443195
282.710640897
282.73202076
282.881678478
283.065832202
283.235408418
283.431815203
283.708734587
284.024510617
286.154593164
282.735306146
286.64179407
285.187095758
285.072450405
285.079837242
284.925857088
284.77713673
284.680905464
284.65144765
284.497444965
285.390544066
286.043106725
287.896268663
283.80183214
286.227594312
286.884052729
287.603020786
288.486970621
289.788555466
291.462767917
293.452455223
296.722885752
298.399600171
301.912694629
305.194195081
308.706126049
312.21594871
315.897412338
322.232903554
323.550949444
329.089783426
333.475841262
338.949958108
345.064975894
351.915991369
358.693886449
369.687648657
376.710020063
386.601421509
395.65877849
405.216728344
414.924504742
425.014637984
435.572224604
444.187990331
451.058162602
455.400576576
455.007151111
450.831342931
444.078842616
429.602426974
410.036268863
395.520475433
375.053240821
358.523146085
340.052013887
332.309143143
321.642295618
314.438007196
317.641439022
319.804275816
319.431633799
316.14659122
308.547975929
296.993306211
291.96937177
282.907515852
269.529404095
266.13069772
259.672482209
253.761615168
251.573863063
251.466649079
251.970343643
253.013769663
253.437000025
253.047849522
260.334263879
259.86953631
261.362889529
261.922780706
262.156466212
261.084325929
259.25092622
257.570798103
255.961343766
253.684073202
252.949221967
250.309975735
251.531623469
252.143629751
253.456660958
254.967654069
256.651848969
258.443959717
259.947952074
262.163977573
263.911609411
266.022079098
267.644529842
268.958518601
270.0462797
270.737527701
271.094061159
271.18831581
271.086773541
270.818974251
270.370136055
269.752455664
268.989408887
268.093939884
267.087051817
266.021273785
264.912109882
263.781586085
262.625300575
261.456005102
260.261982379
259.083641853
257.929403675
256.800934978
255.713648712
254.695720716
253.711768877
252.791481101
251.923824276
251.127376162
250.395838959
249.727801372
249.140199906
248.630421129
248.181239816
247.803169214
247.463652869
247.177174732
246.936257594
246.749645121
246.636083535
246.588066893
246.550744482
246.559491375
246.608721354
246.70469282
246.823366832
246.966016139
247.131745762
247.32072602
247.534186686
247.753230083
247.996860983
248.258994371
248.546128906
248.857547713
249.135614755
249.405171878
249.692706006
250.007475554
250.348915076
250.70425426
251.08013598
251.478417084
251.891662575
252.325149369
252.768943408
253.223403772
253.694832947
254.168117648
254.654792473
255.15122537
255.648689516
256.138919121
256.615606376
257.100109542
257.53053837
258.009993474
258.505095183
258.995489251
259.485768342
259.9781977
260.473479629
260.981729792
261.495443319
261.999317686
262.51100338
263.021677997
263.542035785
264.082281217
264.627055503
265.158846922
265.589883472
266.113428196
266.621661758
267.099277393
267.54206839
267.979218879
268.401389941
268.811668098
269.193656784
269.600797934
269.951025082
270.281457111
270.568867623
270.861247498
271.126684995
271.375229919
271.592762788
271.753937662
271.848382762
271.895497395
271.886156129
271.838208009
271.75775136
271.646626165
271.572942285
271.489865921
271.361357008
271.209518134
271.051104423
270.958501076
270.862925504
270.785304331
270.706680152
270.619687333
270.50211669
270.327265158
270.118285689
269.84719225
269.514306084
269.115691474
268.63103158
268.027771633
267.422818777
266.760539443
266.114750008
265.505699235
264.938374812
264.355623506
263.824810645
263.266448362
262.653992625
262.077075236
261.489931816
260.920577438
260.337808019
259.660647593
258.954218283
258.309488873
257.673074096
257.033004416
256.41949262
255.803437227
255.253175833
254.959456089
254.966689874
255.085880122
255.227213389
255.375362459
255.690616751
255.865784786
256.04216121
256.136677847
256.216293415
256.293533472
256.608374536
257.073604124
257.554046402
257.946122117
258.312542276
258.756643244
259.630501676
260.012436134
259.644834801
260.270513679
258.532585286
264.720182547
260.694706088
262.650388808
263.366641636
264.142111554
264.794318274
265.45251815
266.099200771
266.789857983
267.512271773
268.225427286
268.792106097
269.240219774
269.56606682
269.813926485
269.945593689
269.98702113
269.90952011
269.766578757
269.480275695
269.025400269
268.447029856
267.757855312
266.99777269
266.097768085
265.065024932
263.951141278
262.800988053
261.320757146
260.115560517
258.294500697
256.973026217
255.528706662
254.145882114
252.728818662
251.309375072
249.903357356
248.173072542
246.899515153
245.119033594
243.930441306
242.646089561
241.438384349
240.285954862
239.198146541
237.862766378
237.017046211
235.555696589
234.71893611
233.744060502
232.825253735
231.964527747
231.159690802
230.403163291
229.686858006
228.986768852
228.29691822
227.629491509
227.007846087
226.436633714
225.890269181
225.345544998
224.77651824
224.202129672
223.627265549
223.080247271
222.579237618
222.095326179
221.617342601
221.140460313
220.663858883
220.189372637
219.728217671
219.294282879
218.881552338
218.476234224
218.080466359
217.69581977
217.311601449
216.933498018
216.561987091
216.213606285
215.867749431
215.540048258
215.210722769
214.887692687
214.565981942
214.237419167
213.899885346
213.583994315
213.259231735
212.935727594
212.628902087
212.333340147
212.050967887
211.779383109
211.517924022
211.255299362
211.000896671
210.750905602
210.509790475
210.275726087
210.045469579
209.815672468
209.583922099
209.350236269
209.121805968
208.896469936
208.671524411
208.451502834
208.237785279
208.027938465
207.831378481
207.637871696
207.444355576
207.252448901
207.067607893
206.879760374
206.695438733
206.520011413
206.349818074
206.183657172
206.019112239
205.864321635
205.713865715
205.565279485
205.423276628
205.282093678
205.142020977
204.999716181
204.863443658
204.732198159
204.609144491
204.491178915
204.376435366
204.266292741
204.157127205
204.050112955
203.946040194
203.84920537
203.751068638
203.65248887
203.558578622
203.463332696
203.371387314
203.279731462
203.191626908
203.105602077
203.01945109
202.931453546
202.844869792
202.761037916
202.688345927
202.612977066
202.545118115
202.479584009
202.410285235
202.337686958
202.263309129
202.189878865
202.119660621
202.049547619
201.981032213
201.918529892
201.855584371
201.79374051
201.729910483
201.666305186
201.602476179
201.541017462
201.478534357
201.421280695
201.362958942
201.302681488
201.241532122
201.182759197
201.122225723
201.062116073
200.999315288
200.935218412
200.870553352
200.804537661
200.738613049
200.674754884
200.611014469
200.543503004
200.48654907
200.419890292
200.355154386
200.291270362
200.224844972
200.157126839
200.085286048
200.015480252
199.944693294
199.872054331
199.798752896
199.723664301
199.653869141
199.577719833
199.501320167
199.418152366
199.335956596
199.255361788
199.171157721
199.083793568
198.999890342
198.916967421
198.83154068
198.741718006
198.64898709
198.553673732
198.4527217
198.3510024
198.24616606
198.137764282
198.023699019
197.909384863
197.792809022
197.674696112
197.557337844
197.437756086
197.314226101
197.188336548
197.061220062
196.931321833
196.797133243
196.658506674
196.517784186
196.374736977
196.228965199
196.078127993
195.925673302
195.770237337
195.612252953
195.451631668
195.287839921
195.120751036
194.952080277
194.780504181
194.605362626
194.426080363
194.244574684
194.058879309
193.869015117
193.675159423
193.478080747
193.277030813
193.072530349
192.866884137
192.65794556
192.445016785
192.230063093
192.012909703
191.790396234
191.565273597
191.335790158
191.102605896
190.865964113
190.625529342
190.381173061
190.13182247
189.878493446
189.621767511
189.360979955
189.096446423
188.829951104
188.558632719
188.284202576
188.005669345
187.722767616
187.43642624
187.146773005
186.852963993
186.555036679
186.254743456
185.970297942
184.582458908
186.106376552
185.947393294
182.256080016
185.085928723
184.788841276
181.128077301
183.906835663
183.601675231
181.060851056
181.64486645
181.257877973
180.86381425
180.436156712
180.017456449
179.591523669
179.162742316
178.729966059
178.293845098
177.852180869
177.406491467
176.956775163
176.503385395
176.046424504
175.586178085
175.12331463
174.65733453
174.187210811
173.714364648
173.239944882
172.761739089
172.278118466
171.790705056
171.299863583
170.806683609
170.309493577
169.810301231
169.305593384
168.797006909
168.28524408
167.769799529
167.253855257
166.732240546
166.207017505
165.679820266
165.148863025
164.615859978
164.080543302
163.54298739
163.00161314
162.457069566
161.909279144
161.357701296
160.802751319
160.244606628
159.683231502
159.118752045
158.552021811
157.982430937
157.410470278
156.836421714
156.25792562
155.676870883
155.094110778
154.510039753
153.923292572
153.334964584
152.744920938
152.152292718
151.557455771
150.961423428
150.364266424
149.765928199
149.167787837
148.566988298
147.964697793
147.360927429
146.755748658
146.150132724
145.545500573
144.938812041
144.329988991
143.718971749
143.106582261
142.494118037
141.881839217
141.271005203
140.660718437
140.051807867
139.444072981
138.837419451
138.23289922
137.629552085
137.02740705
136.427036708
135.828338919
135.231344063
134.63682171
134.043893239
133.452637795
132.86382741
132.276223716
131.691155283
131.108477898
130.527945365
129.950400132
129.375293192
128.803428499
128.234098703
127.665988385
127.100325812
126.53722768
125.97683841
125.419135025
124.864007388
124.312290837
123.764581944
123.218436042
122.675260626
122.136002644
121.599948702
121.067781626
120.539579581
120.015222658
119.49509823
118.978699356
118.46634387
117.95775651
117.453154098
116.952594304
116.455820751
115.963157442
115.474375024
114.989717765
114.509052282
114.032396226
113.559891085
113.090971723
112.625588347
112.163746919
111.705667088
111.251486788
110.801026836
110.354485368
109.911772775
109.473106677
109.038543988
108.607865164
108.18165356
107.760046255
107.341868593
106.927465975
106.517049654
106.110681578
105.708745576
105.310553251
104.916465869
104.526609046
104.140929706
103.759522206
103.382300983
103.009203203
102.640315316
102.27568193
101.915383187
101.55937433
101.207640077
100.860142078
100.517065623
100.178377498
99.844303827
99.5150957344
99.1902983923
98.8700112906
98.5543383626
98.2431717225
97.9365043098
97.634196519
97.3363359751
97.0430984095
96.7544043922
96.4699478402
96.1897956469
95.9139531614
95.6422463244
95.3750657909
95.1123272742
94.8532563723
94.5981895198
94.3472571868
94.1001736599
93.8570814725
93.617777247
93.3822695783
93.1505254632
92.9223625665
92.6981917004
92.4777659593
92.2611313288
92.0481641112
91.8387896525
91.6330332247
91.4308974301
91.2323082235
91.0372826318
90.8456992138
90.6576383061
90.472909008
90.2916371782
90.1137038497
89.9390711791
89.7676572951
89.5994383206
89.434393048
89.2724952371
89.1137733445
88.9582129408
88.8058352351
88.6564673061
88.5101521357
88.3667746462
88.2264105361
88.0889117309
87.9542810467
87.8224739045
87.6934715827
87.5672943464
87.4437806069
87.3229803103
87.2048736074
87.0893569104
86.9764754884
86.8660615718
86.7581452913
86.6526371252
86.5494949956
86.4488680867
86.3505983341
86.2545817852
86.1609640106
86.0694709628
85.9800598852
85.8928291252
85.8077159852
85.7246830664
85.6436967835
85.5645873392
85.4874595957
85.4122230269
85.3389095667
85.2674107896
85.1976028109
85.1294996098
85.0631021919
84.9983394309
84.9351098997
84.8735873153
84.8134390401
84.7547544261
84.6974996851
84.6416468651
84.5871493386
84.5339080065
84.4818835928
84.4310272602
84.3813710586
84.332850162
84.2854328609
84.2390325559
84.1936081505
84.1491392386
84.1055750345
84.0628470782
84.0208741573
83.9796420473
83.9391115365
83.8992710823
83.8600699657
83.821475799
83.7834438305
83.7458518677
83.7087680243
83.6721014157
83.6358026517
83.5998431992
83.5641480298
83.5287188313
83.4935240522
83.4584828759
83.4235477145
83.3886752491
83.3538218198
83.3190073085
83.2841961001
83.2493794416
83.2143826892
83.1792171665
83.1438869398
83.1083544849
83.0725620061
83.0364694927
83.0000471527
82.9632665263
82.9261239485
82.888551057
82.8505261965
82.8119862678
82.7728938879
82.7332582373
82.6930371652
82.6522087614
82.6107041763
82.5685306101
82.5256056273
82.48196105
82.4375179424
82.3922467778
82.3461909249
82.2992798546
82.2514771965
82.20279964
82.1532448432
82.1027532859
82.0512890016
81.998819758
81.9453030479
81.8907496752
81.8351290922
81.7784348931
81.7206175034
81.6616780961
81.6015801124
81.5403270403
81.4779498355
81.4143925777
81.1004003185
81.7618341981
80.7531186463
81.6133860004
80.6138884266
81.4706593851
80.4721706248
81.3231963871
80.3251014882
81.1704292483
80.1727818981
80.7651406735
80.4885792232
80.3914602636
80.3106314334
80.2246250859
80.1390751982
80.0520999397
79.9637934312
79.8741071538
79.7830260337
79.6905641585
79.5966885385
79.5014680652
79.4049005434
79.3069204163
79.2076794264
79.1070370954
79.0049993979
78.9015928883
78.7968192071
78.6906527523
78.583128619
78.4742801259
78.3640572172
78.2524888616
78.1396119575
78.0253767987
77.9098187929
77.7929440089
77.6747800918
77.5554173062
77.4348649008
77.3131176831
77.1901267681
77.0659597921
76.9406150252
76.8141235117
76.7813447237
76.3754007103
76.6034584212
76.2189072712
76.1556191387
76.0318471656
75.8972072547
75.7622638072
75.6260804654
75.4889152541
75.3507684575
75.2116451735
75.0715606729
74.9305397822
74.7885992919
74.6457605155
74.5020234521
74.3574451575
74.2120322446
74.065824409
73.9188253479
73.7710611266
73.6225318363
73.4732318434
73.3232269293
73.1725360189
73.0212375332
72.8693328946
72.7167757233
72.563544905
72.4097049813
72.2552699999
72.1003228009
71.9448524811
71.7888429723
71.632327354
71.4753349326
71.3178556624
71.159927454
71.0015775961
70.8428304983
70.6837562201
70.5243523328
70.3646473164
70.2046388428
70.0443098316
69.8836637257
69.7227506946
69.5616396836
69.4003571167
69.2389643001
69.0774142285
68.9156594587
68.7537309435
68.5917297244
68.4296083895
68.2674421073
68.1052549546
67.9430810338
67.7809614871
67.618866449
67.4567886951
67.2947518073
67.1327607462
66.9708744473
66.8091572979
66.6476167817
66.4862786402
66.3251121671
66.164125736
66.0033426931
65.8427692478
65.6824564626
65.522422159
65.3626567628
65.2032015897
65.0440854815
64.8853253852
64.7269100036
64.5688184675
64.4111040725
64.2538187879
64.0969817014
63.9405963653
63.7846693573
63.6291823105
63.4741467264
63.3195796501
63.1655082485
63.0119670284
62.8589531134
62.706481158
62.5545697745
62.4032315944
62.2524785152
62.1022692675
62.1502158674
61.4258516861
62.0200494986
61.3396333601
61.3501745824
61.2094251607
61.0694289942
60.9228366762
60.7787722754
60.6350727079
60.4920977768
60.3498003975
60.2082501042
60.0674920855
59.9275159694
59.7883123946
59.6498775
59.5123244146
59.3756478031
59.2397894936
59.1047555563
58.9705778348
58.8372411239
58.704739902
58.5730893935
58.4423128102
58.3123856602
58.1833011087
58.0550739143
57.9277178608
57.8012186305
57.6755775217
57.5507988179
57.4268745417
57.3038111931
57.1815707565
57.0601874289
56.9396765053
56.8200444942
56.7012507293
56.5832884738
56.4662284944
56.3500578898
56.2347086469
56.1201901347
56.0065356183
55.8937645905
55.7818227988
55.6706424379
55.5603214406
55.4509198875
55.3422698719
55.2343257779
55.1273003967
55.0211135535
54.915738114
54.8111453977
54.7074368238
54.60453701
54.5024569133
54.4011293466
54.300661421
54.200993999
54.1021119873
54.0039588751
53.9066763835
53.8101864482
53.7144180281
53.6194042173
53.5251738758
53.4317483892
53.3390522199
53.2471509608
53.1560068522
53.0656193407
52.9759752369
52.8870864407
52.798949573
52.711523709
52.6248483344
52.5389150823
52.4536785463
52.3691090185
52.2852506978
52.2021127418
52.1196802006
52.0379421293
51.9569028628
51.8765524901
51.7968833092
51.7178881746
51.6395614287
51.561879467
51.4848598015
51.4085107979
51.3328186539
51.2577234987
51.1832592679
51.1094240066
51.0361918431
50.9635784025
50.8915822162
50.8201932341
50.7493948189
50.6791869553
50.6095627763
50.5405048173
50.4720172801
50.4041053642
50.3367589821
50.2699329999
50.2036271337
50.1378755073
50.072649371
50.0079441814
49.943761411
49.8800954174
49.8169256538
49.7542347887
49.6920432277
49.6303239659
49.5690674022
49.5082987039
49.4480082415
49.3881530947
49.3287427716
49.2697767936
49.2112337795
49.1681327007
48.8936196972
49.2808579954
49.0357862277
49.0244561986
49.9035180705
48.2192912846
48.2333482886
49.5307465599
49.1491096151
48.5421306325
48.7568425451
48.2177357552
49.2814243483
48.7307909484
48.7164306106
48.6835119922
48.6484253024
48.6225593655
48.583598468
48.579907998
48.539901848
48.5150064573
48.4878088026
48.4609768414
48.4344717124
48.4079877722
48.3816166633
48.3553278656
48.3291176241
48.2999677343
48.2467319244
48.6562862943
47.8599367497
48.1355991988
48.1345318134
48.1161650202
48.0804611398
48.0508567197
48.0204687765
47.9864799286
48.0038298801
47.8756745564
47.883135773
47.8524283563
47.8213168769
47.7877907594
47.7552077507
47.7225623317
47.6900130761
47.6575690914
47.6252041168
47.5929570405
47.5608119781
47.5287514581
47.4967861533
47.4649290529
47.4331569302
47.4014786028
47.3698929424
47.3383908754
47.3069905084
47.2756688325
47.2444226122
47.2132459047
47.1821423165
47.1511222905
47.1160576617
46.8200718328
47.2857967648
47.0245009948
46.9838420642
46.9455244005
46.9096740404
46.8753550034
46.8410712234
46.8069620301
46.7729666564
46.7390178522
46.7051621754
46.6713798336
46.6376529177
46.6040119795
46.5704337481
46.5369139324
46.5034518209
46.4700359246
46.4366762507
46.4033575271
46.3700742766
46.3368461248
46.3036447307
46.2704819033
46.2373629112
46.2042671033
46.171208543
46.1381794827
46.1051814528
46.0722090749
46.034946163
46.1269117989
45.8450672148
45.9105082917
45.8819968946
45.8468140682
45.8089276048
45.771646983
45.7342143843
45.6967539365
45.659289705
45.6218184985
45.5843427675
45.5468594391
45.3711399908
45.7313991181
45.1848359633
45.6506446447
45.1061878184
45.5744501287
45.0317102185
45.4983491124
44.9572375024
45.4221953554
44.8826470186
45.3459478616
44.8079219184
45.2695641471
44.7330671623
45.1930145187
44.6580780411
45.1162909348
44.5829077447
45.0393773696
44.5075795623
44.962251939
44.4320413851
44.8849166912
44.3562954228
44.8073502906
44.2802925616
44.7295519276
44.2041101744
44.6514630368
44.1277264659
44.573147874
44.0510564123
44.368734331
44.2159682429
44.1729554993
44.2435650752
43.9733127616
44.021989915
43.9842871524
43.9405162031
43.8942233684
43.8483526608
43.8022314327
43.7559906182
43.709597167
43.6630955433
43.6164875859
43.5697717003
43.5229517305
43.4760235142
43.4289868725
43.3818427692
43.3345928065
43.2872401242
43.2397825531
43.1922188714
43.1445439024
43.0967648599
43.048878288
43.0008838586
42.9527791031
42.9045630945
42.8562309425
42.8077839015
42.7592290702
42.7105677542
42.6617999364
42.6129220171
42.563933713
42.5148362079
42.4656275639
42.4163073046
42.3668751416
42.3173339385
42.2676850894
42.2179289487
42.1680660427
42.118097765
42.0680227441
42.0178428728
41.967558477
41.9171700951
41.8666757374
41.8160785296
41.7653787452
41.7145776075
41.663676588
41.6126766737
41.5615785475
41.5103831312
41.4590916008
41.4077047081
41.3562236201
41.3046491651
41.2529815372
41.2012219502
41.1493712917
41.0974320014
41.0454069054
40.9932977291
40.9411053426
40.8888306386
40.8364744372
40.7840382203
40.73152118
40.6789231472
40.6262455317
40.573491947
40.5206640893
40.4677650944
40.4147961505
40.3617587892
40.3086536674
40.2554790442
40.2022370727
40.1489345368
40.0955718933
40.0421461232
39.9886593553
39.935112366
39.8815070705
39.8278461419
39.7741345446
39.7203754636
39.6665692349
39.612713768
39.5588072456
39.5048519653
39.4508513588
39.3968121838
39.3427385851
39.2886285166
39.2344775816
39.1802847371
39.1260530939
39.0717841528
39.0174873206
38.9631666083
38.9088189888
38.8544419444
38.8000356159
38.745604066
38.6911523943
38.6366844389
38.582200261
38.5277007401
38.4731812048
38.4186414384
38.3640860846
38.3095217191
38.2549544105
38.2003842388
38.1458085687
38.0912248493
38.0366339824
37.9820401962
37.927448864
37.872868111
37.818295403
37.7637262203
37.7091560725
37.6545841495
37.6000145724
37.5454541372
37.4909102273
37.4363851589
37.3818772137
37.3273831639
37.2729021713
37.2184370975
37.1639928568
37.109573012
37.0551791835
37.0008087324
36.9464591119
36.892130942
36.8378281532
36.7835564014
36.729320541
36.6751235165
36.620965011
36.5668420065
36.5127535186
36.4587008075
36.4046859021
36.3507139871
36.2967874835
36.2429047012
36.1890612619
36.1352546412
36.0814888734
36.0277707351
35.9741063653
35.9204986453
35.8669472218
35.8134489756
35.7600018181
35.7066063838
35.6532681435
35.5999917139
35.546778613
35.4936278601
35.4405359356
35.3875020159
35.3345289731
35.2816221758
35.2287843162
35.1760171123
35.1233191558
35.0706886151
35.018125018
34.9656313883
34.9132117887
34.860869157
34.8086027279
34.7564097563
34.7042893826
34.6522436051
34.6002765043
34.5483923297
34.4965910551
34.4448711493
34.3932309424
34.3416710974
34.2901941288
34.238804642
34.1875044438
34.1362926509
34.0851663563
34.0341241024
33.9831674481
33.9323005728
33.8721449852
33.8286703361
33.7351188265
33.6884412594
33.629140223
33.5692487383
33.5091316928
33.4492007729
33.3893844774
33.3296984675
33.2701540098
33.210759838
33.1515160174
33.0924176525
33.033461599
32.9746504493
32.9159885862
32.8574770312
32.7991131462
32.7408946186
32.6828238002
32.6249089271
32.5671533383
32.5095551978
32.4521105705
32.3948175617
32.3376793388
32.2806984048
32.2238735306
32.1672041038
32.1106989283
32.0543562634
31.9981791934
31.9421672572
31.8863182549
31.8306294397
31.775100283
31.7197337409
31.6645307516
31.6094909308
31.5546132263
31.4998975728
31.4453463243
31.3909617507
31.3367437378
31.2826914133
31.2288028931
31.1750789595
31.1215206011
31.0681280817
31.0149046364
30.9618599094
30.9089990428
30.8563283114
30.803849863
30.7515621039
30.6994636036
30.6475554723
30.5958382436
30.5443123995
30.4929764261
30.4418275603
30.3908661729
30.3400927853
30.2895062781
30.2391057403
30.1888883688
30.1388552599
30.0890070202
30.039343127
29.9898624107
29.9405623624
29.8914417697
29.8425007753
29.7937387346
29.7451538596
29.6967434691
29.6485080931
29.6004495375
29.5525674657
29.5048596306
29.4573240319
29.4099587741
29.362764924
29.3157408698
29.2688843969
29.2221931354
29.1756674747
29.1293094609
29.0831181188
29.0370919492
28.9912283829
28.945526253
28.8999857185
28.85460535
28.8093839516
28.7643187708
28.7194092675
28.674657273
28.6300621117
28.585623411
28.5413382736
28.4972038334
28.4532210321
28.40938914
28.3657061117
28.3221703887
28.2787799624
28.2355368266
28.1924410468
28.1494914267
28.1066880317
28.0640244991
28.0215023825
27.9791219605
27.9368805251
27.8947772255
27.8528083806
27.8109758237
27.7692811972
27.7277231758
27.6863001996
27.6450077525
27.6038465453
27.5628159307
27.521914007
27.48113989
27.4404910143
27.3999673485
27.3595704665
27.3192999799
27.2791534958
27.2391292586
27.1992243876
27.1594393197
27.1197737494
27.0802257414
27.0407934208
27.0014764171
26.9622739265
26.9231869754
26.8842139724
26.8453536002
26.8066025292
26.7679599383
26.729426575
26.6910007627
26.65268105
26.6144656402
26.5763549639
26.5383486735
26.5004461423
26.4626452526
26.4249437891
26.3873401037
26.3498337838
26.3124259224
26.2751137878
26.2378959565
26.2007726117
26.1637432853
26.1268081965